11 120 1 1 896-896-896-384 test 1 1 1 1
12 120 1 1 896-896-896-384 test 1 1 1 1
12 120 1 1 896-384-896-384 test 1 1 1 1
13 120 1 1 896-896-896-384 test 1 1 1 1
14 120 1 1 896-896-896-384 test 1 1 1 1
16 120 1 1 896-896-896-384 test 1 1 1 1
16 120 1 1 896-896-896-384 test 1 1 1 1
16 120 1 1 896-384-896-384 test 1 1 1 1
17 120 1 1 896-896-896-384 test 1 1 1 1
17 120 1 1 896-896-896-384 test 1 1 1 1
18 120 1 1 896-896-896-384 test 1 1 1 1
19 120 1 1 896-896-896-384 test 1 1 1 1
20 120 1 1 896-896-896-384 test 1 1 1 1
21 120 1 1 unknown test 1 1 1 1
22 120 1 1 896-896-896-384 test 1 1 1 1
23 120 1 1 896-896-896-384 test 1 1 1 1
24 120 1 1 896-896-896-384 test 1 1 1 1
25 120 1 1 896-896-896-384 test 1 1 1 1
26 120 1 1 896-896-896-384 test 1 1 1 1
27 120 1 1 896-896-896-384 test 1 1 1 1
28 120 1 1 896-896-896-384 test 1 1 1 1
29 120 1 1 896-896-896-384 test 1 1 1 1
30 120 1 1 896-896-896-384 test 1 1 1 1
31    896-896-896-384 test    
32    896-896-896-384 test    
34    896-896-896-384 test    
38    896-384-896-384 test    
41    896-896-896-384 test    
42    896-896-896-384 test    
43    896-896-896-384 test    
44    896-896-896-384 test    
45    896-896-896-384 test    
46    896-896-896-384 test    
47    896-896-896-384 test    
48    896-896-896-384 test    
49    896-896-896-384 test    
52    896-896-896-384 test    
54    896-896-896-896 test    
55    896-896-896-384 test    
56    896-896-896-384 test    
57    896-896-896-384 test    
58    896-896-896-384 test    
59    1300-1300-896-384 test    
60 120 10 55.1 1300-1300-896-384 test 0 798 332 
61 120 17 55.1 1000-1000-896-384 test 90 332 798 
62 120 8  1000-1000-896-384 test 90 332 798 
62 120 8 55.1 1000-1000-896-384 test 90 332 798 
400    1000-1000-896-384 test    
400    1000-1000-896-384 test    
400 120 5 55.1 1000-1000-896-384 test 90 332 798 
401    1000-1000-896-384 test    
406 120 1.3 55.1 1000-1000-896-384 test 90 332 798 
406    1000-1000-896-384 test    
406 120 1.3 55.1 1000-1000-896-384 test 90 332 798 
408 120 1.3 55.1 1000-1000-896-384 test 90 332 798 
408 120 1.3 55.1 896-384-896-384 test 90 332 798 
411 120 1.3 55.1 0-0-0-0 test 90 332 798 
412 120 1.3 55.1 896-896-896-384 test 90 332 798 
414 120 1.3 55.1 896-896-896-384 test 90 332 798 
415    896-896-896-384 test    
417    896-896-896-384 test    
417    896-384-896-384 test    
420    0-0-0-0 test    
420 120 1 55.1 0-0-0-0 test 90 332 298 
421 120 1 55.1 0-0-0-0 test 90 332 298 
421 120 1  0-0-0-0 test 90   
422 120 1 55.1 0-0-0-0 test 90 332 798 
423 120 1 55.1 0-0-0-0 test 90 332 798 
424 120 1 55.1 1000-1000-896-384 test 90 332 798 
425 120 1 55.1 1200-1200-896-384 test 90 332 798 
426 120 1 55.1 896-896-896-384 test 90 332 798 
427 120 1 55.1 896-896-896-384 test 90 332 798 
429 120 1 55.1 896-896-896-384 test 90 332 798 
429 120 1 55.1 896-896-896-384 test 90 332 798 
430 120 1 55.1 896-896-896-384 test 90 332 798 
430 120 1 55.1 1200-1200-896-384 test 90 332 798 
431 120 1 55.1 896-896-896-384 test 90 332 798 
431 120 1 55.1 896-896-896-384 test 90 332 798 
432 120 1 55.1 896-896-896-384 test 90 332 798 
432 120 1 55.1 896-896-896-384 test 90 332 798 
433 120 1 55.1 896-896-896-384 test 90 332 798 
434 120 1 55.1 896-896-896-384 test 90 332 798 
434 120 1 55.1 896-896-896-384 test 90 332 798 
435 120 1 55.1 896-896-896-384 test 90 332 798 
435 120 1 55.1 896-896-896-384 test 90 332 798 
436 120 1 55.1 896-896-896-384 test 90 332 798 
437 120 1 55.1 896-896-896-384 test 90 332 798 
438 120 1 55.1 896-896-896-384 test 90 332 798 
439 120 1 55.1 896-896-896-384 test 90 332 798 
440    896-896-896-384 test    
441    896-896-896-384 test    
442    896-896-896-384 test    
443    896-896-896-384 test    
444    896-896-896-384 test    
445 120 11 55.1 1000-1000-896-384 test 0 331 798 
446 120 11 55.1 1000-1000-896-384 proton 0 331 798 
447    1000-1000-896-384 test    
448 120 12  1000-1000-896-384 proton 90   
449 120 11 55.1 1000-1000-896-384 proton 90 798 332 
450 120 11 55.1 1000-1000-896-384 proton 90 1302 332 
451 120 11 55.1 1000-1000-896-384 proton 90 1808 332 
452 120 11 55.1 1000-1000-896-384 proton 90 2058 332 
453 120 11 55.1 1000-1000-896-384 proton 90 2058 332 
454 120 11 55.1 896-1000-896-384 proton 90 2306 332 
455 120 11 55.1 1000-1000-896-384 proton 90 2505 332 
456 120 1.3 55.1 1000-1000-896-384 proton 90 2605 332 
457 120 11 55.1 1000-1000-896-384 proton 90 798 352 
458 120 11 55.1 1000-1000-896-384 proton 90 798 352 
459 120 11 55.1 1000-1000-896-384 proton 90 798 302 
459 120 11 55.1 1000-1000-896-384 proton 90 1302 302 
460 120 11 55.1 1000-1000-896-384 proton 90 1302 302 
461 120 14 55.1 1000-1000-896-384 proton 90 1302 352 
462 120 15 55.1 1000-1000-896-384 proton 90 1808 352 
463 120 13 55.1 1000-1000-896-384 proton 90 1808 302 
464 120 13 55.1 1000-1000-896-384 proton 90 2058 302 
465 120 16 55.1 1000-1000-896-384 proton 90 2058 352 
466 120 16 55.1 1000-1000-896-384 proton 90 2306 352 
467 120 12 55.1 1000-1000-896-384 proton 90 2306 302 
468 120 12 55.1 1000-1000-896-384 proton 90 2505 302 
469 120 10 55.1 1000-1000-896-384 proton 90 2505 352 
470 120 11 55.1 1000-1000-896-384 proton 90 2605 352 
471 120 12 55.1 1000-1000-896-384 proton 90 2605 302 
472 120 12 55.1 1000-1000-896-384 proton 90 2705 302 
473 120 12 55.1 1000-1000-896-384 proton 90 2705 352 
474 120 11 55.1 1000-1000-896-384 proton 90 2754 352 
475 120 9 55.1 1000-1000-896-384 proton 90 2754 302 
476 120 8 55.1 1200-1000-896-384 proton 90 1808 302 
477 120 9 55.1 1200-1000-896-384 proton 90 1808 352 
478 120 12 55.1 1200-1000-896-384 proton 90 1808 352 
479 120 10 55.1 1200-1000-896-384 proton 90 1808 302 
480 120 12 55.1 1500-1000-896-384 proton 90 1808 302 
481 120 11 55.1 1500-1000-896-384 proton 90 1808 352 
482 120 11 55.1 1200-1000-896-384 proton 90 1808 352 
483 120 11 55.1 1500-1500-896-384 proton 90 1808 352 
484 120 8 54.6 1300-1300-700-700 proton 90 1808 352 
485 120 9 54.85 1300-1300-700-700 proton 90 1808 352 
486 120 9 54.85 1300-1300-700-700 proton 90 1808 352 
487 120 9 51.85 1300-1300-700-700 proton 90 1808 352 
488 120 9 55.1 1300-1300-700-700 proton 90 1808 352 
489 120 9 55.35 1500-1500-900-900 proton 90 1808 352 
490 120 9 55.35 1600-1600-1000-1000 proton 90 1808 352 
491 120 9 55.6 1600-1600-1000-1000 proton 90 1808 352 
492 120 9 56.1 1600-1600-1000-1000 proton 90 1808 352 
493 120 9 56.6 1600-1600-1000-1000 proton 90 1808 352 
494 120 9 54.6 1300-1300-700-700 proton 90 1808 302 
495 120 9 54.85 1300-1300-700-700 proton 90 1808 302 
496 120 9 55.1 1300-1300-700-700 proton 90 1808 302 
497 120 9 55.35 1600-1600-1000-1000 proton 90 1808 302 
498 120 9 55.6 1600-1600-1000-1000 proton 90 1808 302 
499 120 9 56.1 1600-1600-1000-1000 proton 90 1808 302 
500 120 9 56.6 1600-1600-1000-1000 proton 90 1808 302 
506 120 9 56.6 1600-1600-896-384 proton 90 2705 353 
507 120 9 55.1 1300-1600-896-384 proton 90 2705 353 
508 120 9 55.1 1300-1600-800-800 proton 90 2605 353 
509 120 9 55.1 1300-1600-800-800 proton 90 2505 353 
510 120 9 55.1 1300-1600-800-800 proton 90 2306 353 
511 120 9 55.1 1300-1600-800-800 proton 90 2058 353 
512 120 9 55.1 1300-1600-800-800 proton 90 1808 353 
513 120 9 55.1 1300-1600-800-800 proton 90 1302 353 
514 120 9 55.1 1300-1600-800-800 proton 90 1302 353 
515 120 9 55.1 1300-1600-800-800 proton 90 798 353 
516 120 12 55.1 1300-1600-800-800 proton 90 798 302 
517 120 12 55.1 1300-1600-800-800 proton 90 1302 302 
518 120 12 55.1 1300-1600-800-800 proton 90 1808.3 302 
519 120 12 55.1 1300-1600-800-800 proton 90 1808 327 
519 120 12 55.1 1300-1600-800-800 proton 90 1808 327 
520 120 12 55.1 1300-1600-800-800 proton 90 1808 327 
521 120 12 55.1 1300-1600-800-800 proton 90 2058 302 
522 120 10 55.1 1300-1600-800-800 proton 90 2306 302 
523 120 13 55.1 1300-1600-800-800 proton 90 2505 302 
524 120 13 55.1 1300-1600-800-800 proton 90 2605 302 
525 120 10 55.1 1300-1600-800-800 proton 90 2705 302 
526 120 10 52.6 200-200-20-20 proton 90 1808 302 
527 120 10 53.1 300-300-50-50 proton 90 1808 302 
528 120 10 53.6 800-800-100-100 proton 90 1808 302 
529 120 12 54.1 1000-1000-400-400 proton 90 1808 302 
530 120 12 54.6 1200-1200-500-500 proton 90 1808 302 
531 120 12 54.85 1300-1300-700-700 proton 90 1808 302 
532 120 12 55.35 1300-1300-800-800 proton 90 1808 302 
533 120 11 55.1 1200-1200-896-384 proton 90 1809 353 
534 120 11 55.1 1200-1200-896-384 proton 90 1809 353 
535 120 11 55.1 1200-1200-896-384 proton 90 1302.3 352 
536 120 11 55.1 1200-1200-896-384 proton 15 1808 318 
543 120 11 55.1 1200-1200-896-384 proton 15 1808 318 
544 120 11 55.1 1200-1000-896-384 proton 30 1808 283 
545 120 11 55.1 1200-1000-896-384 proton 60 1808 241 
546 120 11 55.1 1200-1000-896-384 proton 60 1808 241 
547 120 11 55.1 1200-1000-896-384 proton 90 1808 352 
548 120 11 55.1 1200-1000-896-384 proton 90 2058 352 
548 120 11 55.1 1200-1000-896-384 proton 90 2058 352 
549 120 11 55.1 1200-1200-896-384 proton 90 2058 352 
549 120 11 55.1 1200-1200-896-384 proton 90 2058 352 
550 120 11 55.1 1200-1200-1000-1000 proton 90 2306 352 
551 120 11 55.1 1200-1200-1000-1000 proton 90 2505 352 
552 120 11 55.1 1200-1200-1000-1000 proton 90 2605 352 
553 120 11 55.1 1200-1200-1000-1000 proton 90 2705 352 
554 120 11 55.1 1200-1200-1000-1000 proton 90 1302 352 
555 120 11 55.1 1200-1200-1000-1000 proton 90 798 352 
556 120 11 55.1 1200-1200-1000-1000 proton 90 798 352 
557 120 11 55.1 1200-1200-1000-1000 proton 90 1808 352 
558 120 11 55.1 1200-1200-1000-1000 proton 90 1808 302 
559 120 11 55.1 1200-1200-896-384 proton 90 798 302 
561 120 11 55.1 1200-1200-896-384 proton 90 798 302 
561 120 11 55.1 1200-1200-896-384 proton 90 798 302 
562 120 11 55.1 1200-1200-1000-1000 proton 90 798 352 
563 120 11 55.1 1200-1200-700-700 proton 90 798 352 
564 120 11 55.1 1200-1200-700-700 proton 90 798 302 
565 120 11 55.1 1200-1200-896-384 test 90 798 302 
565    1200-1200-896-384 test    
565 120 11 55.1 1200-1200-896-384 test 90 798 302 
566    1200-1200-896-384 test    
567    1200-1200-896-384 test    
567    1200-1200-896-384 test    
568    1200-1200-896-384 test    
569    1200-1200-896-384 test    
570    1200-1200-896-384 test    
571    1200-1200-896-384 test    
572    1200-1200-896-384 test    
573    1200-1200-896-384 test    
574    1200-1200-896-384 test    
575    1200-1200-896-384 test    
576    1200-1200-896-384 test    
577    1200-1200-896-384 test    
578    1200-1200-896-384 test    
579    1200-1200-896-384 test    
580    1200-1200-896-384 test    
581    1200-1200-896-384 test    
582    1200-1200-896-384 test    
583    1200-1200-896-384 test    
584    1200-1200-896-384 test    
585    1200-1200-896-384 test    
586    1200-1200-896-384 test    
587    1200-1200-896-384 test    
588    1200-1200-896-384 test    
589    1200-1200-896-384 test    
590    1200-1200-896-384 test    
591    1200-1200-896-384 test    
592    1200-1200-896-384 test    
593 120 11 55.1 1200-1200-700-700 proton 90 798 302 
594 120 11 55.1 1200-1200-700-700 proton 90 798 352 
595 120 11 55.1 1200-1200-896-384 proton 90 1302 302 
595 120 11 55.1 1200-1200-700-700 proton 90 1302 302 
596 120 11 55.1 1200-1200-896-384 proton 90 1302 302 
597 120 11 55.1 1200-1200-896-384 proton 90 1302 352 
598 120 11 55.1 1200-1200-896-384 proton 90 1808 352 
599 120 11 55.1 1200-1200-896-384 proton 90 1808 302 
600 120 11 55.1 1200-1200-896-384 proton 90 2058 302 
601 120 11 55.1 1200-1200-896-384 proton 90 2058 352 
602 120 11 55.1 1200-1200-896-384 proton 90 2058 352 
602 120 11 55.1 1200-1200-896-384 proton 90 2306 352 
603 120 11 55.1 1200-1200-896-384 proton 90 2306 352 
604 120 11 55.1 1200-1200-896-384 proton 90 2306 302 
605 120 11 55.1 1200-1200-896-384 proton 90 2505 302 
606 120 11 55.1 1200-1200-896-384 proton 90 2505 352 
607 120 11 55.1 1200-1200-896-384 proton 90 2605 352 
608 120 11 55.1 1200-1200-896-384 proton 90 2605 302 
609 120 11 55.1 1200-1200-700-700 proton 90 2605 302 
610 120 11 55.1 1200-1200-700-700 proton 90 2605 302 
611 120 11 55.1 1200-1200-700-700 proton 90 2705 352 
612 120 11 55.1 1200-1200-700-700 proton 90 1808 352 
613 120 11 55.1 1200-1200-700-700 proton 90 1808 302 
614 120 11 55.1 1200-1200-700-700 proton 90 798 302 
615 120 11 55.1 1200-1200-896-384 proton 90 798 352 
616 120 11 55.1 1200-1200-896-384 proton 90 798 302 
617 120 11 55.1 1200-1200-896-384 proton 90 798 302 
618 120 11 55.1 1200-1200-896-384 proton 90 798 352 
619 120 11 55.1 1200-1200-896-384 proton 90 798 352 
620 120 11 55.1 1200-1200-896-384 proton 90 1302 302 
621 120 11 55.1 1200-1200-896-384 proton 90 1302 352 
622 120 11 55.1 1200-1200-896-384 proton 90 1808 302 
623 120 11 55.1 1200-1200-896-384 proton 90 1808 352 
624 120 11 55.1 1200-1200-896-384 proton 90 1808 352 
625 120 9 55.1 1200-1200-700-700 proton 90 2058.6 352 
626 120 9 55.1 1200-1200-700-700 proton 90 2058.6 352 
627 120 9 55.1 1200-1200-700-700 proton 90 798 352 
628 120 9 55.1 1200-1200-700-700 proton 90 798 302 
629 120 9 55.1 1200-1200-700-700 proton 90 1302 302 
630 120 9 55.1 1200-1200-700-700 proton 90 1302 352 
631 120 9 55.1 1200-1200-700-700 proton 90 1808 352 
632 120 9 55.1 1200-1200-700-700 proton 90 1808 302 
633 120 9 55.1 1200-1200-700-700 proton 90 2058 302 
634 120 9 55.1 1200-1200-700-700 proton 90 2058 352 
635 120 9 55.1 1200-1200-700-700 proton 90 2306 352 
636 120 9 55.1 1200-1200-700-700 proton 90 2306 302 
637 120 9 55.1 1200-1200-700-700 proton 90 2505 302 
638 120 9 55.1 1200-1200-700-700 proton 90 2505 352 
639 120 9 55.1 1200-1200-700-700 proton 90 2605 352 
643    1200-1200-896-384 test    
645 120 10 55.1 1200-1200-896-384 test 90 2605 302 
646 120 10 55.1 1200-1200-896-384 test 90 2605 302 
647 120 10 55.1 1200-1200-896-384 test 90 2705 302 
648 120 10 55.1 1200-1200-896-384 test 90 2705 352 
649 120 10 55.1 1200-1200-896-384 test 90 1808 352 
650 120 10 55.1 1200-1200-896-384 test 90 1808 302 
651 120 10 55.1 1200-1200-896-384 test 90 798 302 
652 120 10 55.1 1200-1200-700-700 test 90 798 352 
653 120 10 54.6 1200-1200-700-700 test 90 798 352 
654 120 10 54.85 1200-1200-700-700 test 90 798 352 
655 120 10 55.35 1500-1500-900-900 test 90 798 352 
656 120 10 55.6 1500-1500-900-900 test 90 798 352 
657 120 10 56.1 1500-1500-900-900 test 90 798 352 
658 120 10 56.6 1500-1500-900-900 test 90 798 352 
659 120 10 54.6 1200-1200-700-700 test 90 798 302 
660 120 10 54.85 1200-1200-700-700 test 90 798 302 
661 120 10 55.35 1500-1500-900-900 test 90 798 302 
662 120 10 55.6 1500-1500-900-900 test 90 798 302 
663 120 10 56.1 1500-1500-900-900 test 90 798 302 
664 120 10 56.6 1500-1500-900-900 test 90 798 302 
665 120 10 55.1 1200-1200-700-700 test 90 798 302 
666 120 10 55.1 1200-1200-700-700 test 90 798 352 
667 120 10 55.1 1200-1200-700-700 test 90 1302 352 
668 120 10 55.1 1200-1200-700-700 test 90 1302 302 
669 120 10 55.1 1200-1200-700-700 test 90 1302 302 
670 120 10 55.1 1200-1200-700-700 test 90 1808 302 
671 120 16 55.1 1200-1200-700-700 test 90 1808 352 
672 120 16 55.1 1200-1200-700-700 test 90 2058 352 
673 120 15 55.1 1200-1200-700-700 test 90 2058 302 
674 120 16 55.1 1200-1200-700-700 test 90 2306 302 
675 120 15 55.1 1200-1200-700-700 test 90 2306 352 
676 120 15 55.1 1200-1200-700-700 test 90 2505 352 
677 120 16 55.1 1200-1200-700-700 test 90 2505 302 
678    1200-1200-896-384 test    
678 120 13 55.1 1200-1200-896-384 test 90 2605 302 
679 120 13 55.1 1200-1200-896-384 test 90 2605 352 
680 120 13 55.1 1200-1200-896-384 test 90 2705 352 
681 120 13 55.1 1200-1200-896-384 test 90 2705 302 
682 120 13 55.1 1200-1200-896-384 test 90 1808 302 
683 120 13 55.1 1200-1200-896-384 test 90 1808 352 
684 120 13 55.1 1200-1200-896-384 test 90 2815 352 
685 120 13 55.1 1200-1200-896-384 test 90 2810 352 
685    1200-1200-896-384 test    
686    1200-1200-896-384 test    
687    1200-1200-896-384 test    
688    1200-1200-896-384 test    
689 120 13 55.1 1200-1200-896-384 test 90 2805 352 
690 120 13 55.1 1200-1200-896-384 test 90 2800 352 
691 120 13 55.1 1200-1200-896-384 test 90 2795 352 
692 120 13 55.1 1200-1200-896-384 test 90 2790 352 
693 120 13 55.1 1200-1200-896-384 test 90 2785 352 
694 120 13 55.1 1200-1200-896-384 test 90 2780 352 
696 120 13 55.1 1200-1200-896-384 test 90 2775 352 
697 120 13 55.1 1200-1200-896-384 test 90 2770 352 
698 120 13 55.1 1200-1200-896-384 test 90 2765 352 
699 120 13 55.1 1200-1200-896-384 test 90 2760 352 
700 120 13 55.1 1200-1200-700-700 test 90 2755 352 
701 120 13 55.1 1200-1200-700-700 test 90 2745 352 
702 120 8 55.1 1200-1200-700-700 test 90 2735 352 
703 120 8 55.1 1200-1200-700-700 test 90 2725 352 
704 120 8 55.1 1200-1200-700-700 test 90 2715 352 
705 120 8 55.1 1200-1200-700-700 test 90 2705 352 
706 120 10 55.1 1200-1200-700-700 test 90 2705 302 
707 120 10 55.1 1200-1200-700-700 test 90 2715 302 
708 120 10 55.1 1200-1200-700-700 test 90 2725 302 
709 120 10 55.1 1200-1200-700-700 test 90 2735 302 
710 120 10 55.1 1200-1200-700-700 test 90 2745 302 
711 120 10 55.1 1200-1200-700-700 test 90 2755 302 
712 120 10 55.1 1200-1200-700-700 test 90 2760 302 
713 120 10 55.1 1200-1200-700-700 test 90 2765 302 
714 120 10 55.1 1200-1200-700-700 test 90 2770 302 
715 120 10 55.1 1200-1200-700-700 test 90 2775 302 
716 120 10 55.1 1200-1200-700-700 test 90 2780 302 
717 120 10 55.1 1200-1200-700-700 test 90 2785 302 
718 120 10 55.1 1200-1200-700-700 test 90 2790 302 
719 120 10 55.1 1200-1200-700-700 test 90 2795 302 
720 120 10 55.1 1200-1200-896-384 test 90 2800 302 
721 120 10 55.1 1200-1200-896-384 test 90 2805 302 
722 120 10 55.1 1200-1200-896-384 test 90 2810 302 
723 120 10 55.1 1200-1200-896-384 test 90 2815 302 
724 120 10 55.1 1200-1200-896-384 test 90 2800 302 
725 120 10 55.1 1200-1200-896-384 test 90 2800 302 
726 120 10 55.1 1200-1200-896-384 test 90 798 302 
727 120 10 55.1 1200-1200-896-384 test 90 798 352 
728 120 9 55.1 1200-1200-700-700 test 90 2705 352 
729 120 9 55.1 1200-1200-700-700 test 90 2705 302 
730 120 9 55.1 1200-1200-700-700 test 90 2755 302 
731 120 9 55.1 1200-1200-700-700 test 90 2755 352 
732 120 9 55.1 1200-1200-700-700 test 90 2605 352 
733 120 9 55.1 1200-1200-700-700 test 90 2605 352 
734 120 9 55.1 1200-1200-700-700 test 90 2605 302 
735 120 9 55.1 1200-1200-700-700 test 90 2505 302 
736 120 9 55.1 1200-1200-700-700 test 90 2505 352 
737 120 9 55.1 1200-1200-700-700 test 90 2306 352 
738 120 9 55.1 1200-1200-700-700 test 90 2306 302 
739 120 9 55.1 1200-1200-700-700 test 90 2058 302 
740 120 9 55.1 1200-1200-700-700 test 90 2058 352 
741 120 9 55.1 1200-1200-700-700 test 90 1808 352 
742 120 9 55.1 1200-1200-896-384 test 90 1808 302 
743 120 9 55.1 1200-1200-700-700 test 90 1808 302 
744 120 9 55.1 1200-1200-700-700 test 90 1302 302 
745 120 9 55.1 1200-1200-700-700 test 90 1302 352 
746 120 9 55.1 1200-1200-700-700 test 90 798 352 
747 120 9 55.1 1200-1200-700-700 test 90 798 302 
